1789062526 2064  86800
1789062546 3088  95408
1789062566 4112 102272
1789062586 5136 109056
1789062606 6160 112352
1789062626 6160 113904
1789062646 9232 125200
1789062666 10256 130416
1789062686 11280 130896
1789062706 13328 136784
1789062726 14352 142352
1789062747 15376 144048
1789062767 15376 146864
1789062787 17424 149952
1789062807 20496 156416
1789062827 20496 156816
1789062847 20496 156944
1789062867 20496 157168
1789062887 20496 157312
1789062907 20496 157504
1789062927 20496 157648
1789062947 20496 157712
1789062967 20496 157824
1789062987 20496 157920
1789063007 20496 158000
1789063027 21520 158096
1789063047  
1789063067  
1789063087  
1789063107  
